Tarih	PM10 ( µg/m³ )	data__temperature	data__temperature_min	data__temperature_max	data__windspeed	data__pressure	
5/13/2020	42.517637916667	22.1	12	32	9.8	1015.6	
5/12/2020	37.33766	21.1	11.5	29.2	13.6	1014.1	
5/11/2020	32.565059958333	20	12	28.5	8.9	1016.1	
5/10/2020	36.701592916667	19	9.5	28	8.2	1015.2	
5/9/2020	26.112918458333	18.5	14	23	24.7	1015.1	
5/8/2020	32.391523125	17.8	12.1	24	25.9	1014.4	
5/7/2020	35.260795041667	15.8	13	19	15.7	1010.6	
5/6/2020	29.727531136364	17.4	9	25	10.2	1011.9	
5/5/2020	25.176339916667	16	10.5	21	17.3	1012.6	
5/4/2020	22.385864166667	14.2	11	18	9.7	1008.5	
5/3/2020	21.975683	17.1	13	22	10.4	null	
5/2/2020	34.560432333333	17.9	11	25	9.2	null	
5/1/2020	31.056418958333	17.2	9.5	24	7.9	1011.1	
4/30/2020	35.955896791667	17.3	13	23	10.6	1009.7	
4/29/2020	39.795911166667	17.2	10	25.2	7.5	1012.5	
4/28/2020	46.202876166667	17	8	25	10	1013.3	
4/27/2020	31.465185375	15.7	7	24	6.1	1011.6	
4/26/2020	30.74089175	14.2	4	23.2	8.6	1010	
4/25/2020	30.727799416667	14.8	10	21	16.1	1007.6	
4/24/2020	36.190083666667	15.3	11	21	20.8	1007.9	
4/23/2020	37.012049041667	14.2	10	19.1	24.5	1011.3	
4/22/2020	57.115346708333	14.6	12	19	25.6	1010.7	
4/21/2020	61.768344166667	18.3	15.5	23	19.5	1010	
4/20/2020	44.204641666667	17.3	8	26	7.3	1011.8	
4/19/2020	32.797403041667	16.2	8	25	6.1	1014	
4/18/2020	38.674694541667	15.4	7.6	23.5	8.3	1015	
4/17/2020	38.290606375	14.2	5	22	13.9	1015.4	
4/16/2020	25.609993541667	14.2	10	19	35	1015.8	
4/15/2020	44.928345708333	17.1	12	23	18.9	1011.6	
4/14/2020	46.79143875	14.6	6	23.5	9.8	1016.1	
4/13/2020	37.486351125	14.5	6	22	13.4	1018.2	
4/12/2020	47.316517833333	16.4	7	23.5	16.5	1018.6	
4/11/2020	40.313527541667	17.3	11	24	20.9	1015.9	
4/10/2020	37.651953375	14.3	7	21.1	24.1	1012.8	
4/9/2020	44.848911833333	12.6	7	18.1	23.1	1013.3	
4/8/2020	39.370500333333	13.4	10	18	29.5	1015.1	
4/7/2020	38.310315916667	12.6	9	16	27.3	1016.6	
4/6/2020	42.646342666667	13.7	11	17	19.4	1014.6	
4/5/2020	63.894378333333	15.6	13.5	19	13.3	1006.4	
4/4/2020	48.992218666667	14.5	10.2	20	6.1	1010.9	
4/3/2020	24.557822916667	11.1	6	15	8.9	1014.3	
4/2/2020	30.994797782609	9.6	7	14	13.6	1009	
4/1/2020	55.062598333333	11.7	7	17	13.3	1011	
3/31/2020	68.092146125	13.3	7	20	11.1	1008.4	
3/30/2020	58.930865458333	12	4	19	8.6	1010.5	
3/29/2020	70.133392666667	10.6	6.2	15	10.4	1010.2	
3/28/2020	71.767206416667	12.1	10	15	10.9	1010.6	
3/27/2020	69.470740416667	12.4	10	16.5	15.6	1010	
3/26/2020	81.83785	12.4	9.7	16	14.9	1011.6	
3/25/2020	54.063224375	12.7	8	18	18.6	1013.7	
3/24/2020	70.96404	11.9	5	18	11.1	1011.8	
3/23/2020	36.00370725	12.9	8.6	18	6.1	1012.6	
3/22/2020	44.651098166667	11	4.7	17.6	7.7	1015	
3/21/2020	42.827671208333	11.4	2	19	12.1	1016	
3/20/2020	41.132264916667	9.9	5	15	28.2	1017.9	
3/19/2020	39.669997583333	7.6	4.7	12	27	1021.2	
3/18/2020	38.103072875	8.9	5	14.2	30.5	1020.5	
3/17/2020	33.916877625	7.7	3	13	37.9	1023.5	
3/16/2020	49.961384625	8.9	6	11.5	35.2	1019.5	
3/15/2020	53.450253166667	14.1	9	20.1	11.3	1012.9	
3/14/2020	64.51949275	14.9	7	22	10.9	1011.1	
3/13/2020	43.284001833333	17	14	22	29.9	1007.5	
3/12/2020	35.995206958333	15.1	8.7	21	24.2	1014.1	
3/11/2020	26.929919416667	12.9	10	18	9.1	1016.7	
3/10/2020	17.396486666667	12.5	10.7	16	11.2	1009.8	
3/9/2020	43.033477541667	13.2	5	21	7.1	1008.2	
3/8/2020	41.000694166667	14.3	10	20	12.7	1017.6	
3/7/2020	31.446177333333	12.9	8	20	13.8	1015.3	
3/6/2020	34.678724541667	11	7	16.2	7.6	1011.6	
3/5/2020	20.590456875	11.4	9	15.2	11.5	1007.3	
3/4/2020	35.074802958333	14.7	9	20	16.1	1011.3	
3/3/2020	43.660478708333	13	6	20.6	10.1	1017.6	
3/2/2020	48.740289916667	9.1	2	17	9	1018.1	
3/1/2020	34.060309708333	8.9	4.2	14	12	1018.6	
2/29/2020	20.633367833333	7.7	6	10	30.2	1011.2	
2/28/2020	25.059858833333	10.5	4	16	10.6	1012.3	
2/27/2020	32.333906125	15.6	14	18	29	1010.8	
2/26/2020	79.573026083333	10.6	2	19.5	15.2	1013.6	
2/25/2020	85.4426855	9.3	3	16.1	10.9	1017.2	
2/24/2020	60.818251208333	7.4	0.7	15	6.6	1017.6	
2/23/2020	39.226468208333	8.6	5	13	29.5	1020.2	
2/21/2020	21.935941761905	9	6.6	11	28.8	1012.6	
2/20/2020	46.49235375	8.5	6	11	7.7	1011.7	
2/19/2020	60.0147985	9.3	3	17	4.1	1017.7	
2/18/2020	44.660657416667	9.5	1.7	17.2	8	1018.6	
2/17/2020	32.430023625	10.3	7	15	26.9	1022.3	
2/16/2020	27.322926958333	10.5	8	14	31.4	1022.8	
2/15/2020	29.614015125	10.5	10	12	10.2	1016.1	
2/14/2020	43.073327130435	7.6	1	14	7.7	1020.9	
2/12/2020	39.669437956522	13.5	9.7	19	10.6	1014.9	
2/11/2020	34.014667375	8.3	1	16	10.4	1015.9	
2/10/2020	46.790134375	2.2	-5	11	4.7	1026.6	
2/9/2020	26.36138125	0.8	-4	6	12.7	1031.7	
2/8/2020	29.847029291667	1.9	-1	4.2	21.6	1025.2	
2/7/2020	18.462198958333	4.4	2.6	7.1	28.6	1014.5	
2/6/2020	15.421393958333	7.1	4	10.6	12.6	1004.5	
2/5/2020	18.869337666667	14.3	9	17	34.4	996.1	
2/4/2020	25.086542416667	13.9	11.2	17	16.2	1011.9	
2/3/2020	32.497229666667	11.2	7.2	16	11.4	1018.2	
2/2/2020	46.075891708333	8.9	2	17	6.7	1020	
2/1/2020	33.110659041667	8.1	1.2	17	5.4	1018.6	
1/31/2020	33.276500125	5.9	-1	12.1	7.7	1020.2	
1/30/2020	23.782007583333	10.9	7	15.2	15.7	1013.1	
1/29/2020	40.83813375	9.2	3.7	16.6	10	1015.1	
1/28/2020	22.678041166667	10.5	6	14	7.5	1015.2	
1/27/2020	48.879327166667	10.7	7.1	16	11.4	1020.3	
1/26/2020	65.128275833333	7.6	2.5	13	5.7	1026.9	
1/25/2020	47.574214416667	3.9	-3	14	5.4	1027.9	
1/24/2020	31.954060458333	5.3	-2	10	20.9	1029.8	
1/23/2020	73.623414666667	3.9	-3	12.2	20.6	1023.4	
1/22/2020	46.136748333333	4.9	1	10	21.8	1027.6	
1/21/2020	30.633431583333	4.8	3	7.5	36.2	1033.6	
1/20/2020	28.739297043478	6.2	3.6	9.6	26.4	1030.6	
1/19/2020	30.317941583333	5.7	-0.4	10	20.2	1018.9	
1/18/2020	35.395667375	8.1	5	12	28.3	1018.9	
1/17/2020	43.382132625	8.1	4.5	12	26.5	1018.6	
1/16/2020	64.668657333333	8.8	5.5	12.6	27.4	1019.7	
1/15/2020	100.54421491667	5.9	0	13	10.5	1024.5	
1/14/2020	70.115932083333	7.4	1	13	6.8	1024.5	
1/13/2020	53.077912583333	7.4	2	12	16.3	null	
1/12/2020	76.634253458333	8.1	3.5	15	9.8	1023	
1/10/2020	51.647127083333	5.5	0	11	15.1	1021.9	
1/9/2020	21.732977416667	5.8	3	10	34.7	1020.8	
1/8/2020	19.182106541667	6.7	5	9	39.5	1017.9	
1/7/2020	13.169497583333	6.9	5.7	8.2	38.8	1009.6	
1/6/2020	24.406275708333	6.2	4.7	7	28.1	1003.3	
1/5/2020	50.824825625	4	-1.5	11	4.9	null	
1/4/2020	39.502628916667	6.9	3	12	16.2	1016.6	
1/3/2020	22.362293666667	7.6	4.7	11	32.3	1017.2	
1/2/2020	23.520164458333	7.2	5	10	36.7	1018.5	
1/1/2020	39.33678075	6.3	3	9.5	22.9	1019.4	
12/31/2019	27.414578291667	8.8	6	12	22.8	1019.2	
12/30/2019	20.034181708333	7.5	5.5	9	33.2	1010.6	
12/29/2019	30.141312625	7.3	6	10	22.8	1013.3	
12/28/2019	59.774820625	5.9	2	9.1	6.2	1013.2	
12/27/2019	28.62578125	8	6	11	18.1	1015.7	
12/26/2019	25.928564916667	9.1	6	12.6	25.5	1008.4	
12/25/2019	51.575524166667	8.9	6	12	10.4	1004.8	
12/24/2019	21.4660275	10.4	8	13	6.1	998.9	
12/23/2019	15.178718125	12	9.7	17	18.8	999.2	
12/22/2019	26.550899208333	16	14.6	18	27.5	1012.6	
12/21/2019	59.867598583333	11.9	8.6	15	12.1	1019.5	
12/20/2019	74.5723175	8.9	3.7	15	2.9	1024.7	
12/19/2019	68.028082227273	9.2	4	18	2.2	1029	
12/18/2019	86.434521375	8.8	2.2	17	2.6	null	
12/17/2019	68.495686416667	8.6	3	18	1.8	1026	
12/16/2019	67.482119541667	10.1	4.2	18.1	4.9	1025.3	
12/15/2019	31.527759541667	12.2	6	18.5	9.5	1015.3	
12/14/2019	15.663194958333	12.2	8	17	16	1001.9	
12/13/2019	24.914942625	10.6	8.7	14	7.6	1004.5	
12/12/2019	30.704966208333	11	6.7	16.1	5.9	1005.7	
12/11/2019	25.759623083333	10.2	5.2	13	5.9	1009.3	
12/10/2019	53.617241625	6.9	1	15.5	4.6	null	
12/9/2019	47.553829608696	8.5	3	14.1	8.7	1014.8	
12/8/2019	58.523260333333	10.5	6.7	14.5	9.5	1016.3	
12/7/2019	57.712434083333	5.7	-1	13	4.2	null	
12/6/2019	30.327013166667	6.3	1.2	11	14.1	1023	
12/5/2019	24.130673291667	8.5	6	11.5	24.6	1023.7	
12/3/2019	50.482357708333	8.1	2	16	2.8	1019.3	
12/2/2019	28.218487458333	8.4	3	13.1	15	1021.8	
12/1/2019	22.434208666667	12.5	8	15.2	16.4	1017.8	
11/30/2019	20.595817333333	14.8	10	20.2	8.7	1014.1	
11/29/2019	21.295945541667	16.9	14	21	15.2	1012.8	
11/28/2019	41.942630125	11.8	6	18.1	7	1015.8	
11/27/2019	38.6069185	11	7	17.6	3.9	1011.5	
11/25/2019	32.363530625	13.5	12	14.2	8.8	1009.4	
11/24/2019	52.335305375	12.7	8	19	2.9	null	
11/22/2019	47.590119916667	13.8	12	16	6	1015.4	
11/21/2019	58.973938541667	13.8	7.6	21	5.5	1017.1	
11/20/2019	67.956771416667	12.3	6	21	3.3	1020	
11/19/2019	73.492949541667	13.3	7	23	3.1	1022.1	
11/18/2019	78.06443825	13.8	10	20	2.3	1020.2	
11/17/2019	55.210457916667	14.2	9	21	2.4	1018.4	
11/16/2019	58.092231956522	15	9	21.7	8.5	1019.3	
11/15/2019	37.457665913043	15.3	10	22	4.6	1017.2	
11/14/2019	23.159447208333	16.4	14	20	6.9	1011.6	
11/13/2019	51.743940041667	16.8	11.7	23	5.2	1012.9	
11/12/2019	44.24240125	16.1	9	25.5	2.8	1015.8	
11/11/2019	44.825399958333	16.3	14	21	3.2	1017.8	
11/10/2019	39.10613875	16.8	11	24	7.1	1016	
11/9/2019	39.430883958333	17.3	12.7	23.1	5.9	1017.4	
11/8/2019	39.363350458333	17.3	12	25	7	1015.2	
11/6/2019	27.616793	18	14	24.1	9.6	1015.5	
11/5/2019	17.765099826087	18.4	16	22	10.7	1016	
11/4/2019	28.5458285	17.1	12	24	14.2	null	
11/3/2019	31.026354708333	14	7	22	6.2	null	
11/2/2019	21.4928835	14.9	11	20	18.9	null	
11/1/2019	37.048683125	16.6	13.7	21	14.7	null	
10/31/2019	62.025712541667	15.9	9	24	4.6	null	
10/30/2019	55.499222458333	15.5	8	24	8	null	
10/29/2019	51.547635791667	15.4	9	22.2	7.8	null	
10/28/2019	40.930519375	17.5	11	23.1	15	null	
10/26/2019	42.660605217391	18.7	12	24	19.4	null	
10/25/2019	56.784025333333	18.8	12	25	15.9	null	
10/24/2019	43.075019291667	20.6	17	26	23.5	null	
10/23/2019	37.997944416667	21.4	17.6	26	25.9	null	
10/22/2019	45.35612875	21.3	15	26	27.1	null	
10/21/2019	54.508800416667	19.9	13	26	20.1	null	
10/20/2019	77.350194541667	20.1	14.7	27	11.7	null	
10/19/2019	70.3549005	19.1	15	25	8.4	null	
10/18/2019	62.005288083333	19.8	15.7	27	5.8	null	
10/17/2019	64.2882035	20.9	17.7	26	5.6	null	
10/16/2019	73.228739047619	21.8	18	27	11.3	null	
10/15/2019	75.740840083333	19.8	13.7	27	8.7	null	
10/14/2019	66.860008625	19.7	13.6	27	7.8	null	
10/13/2019	38.676021541667	21.2	17	27	21.4	null	
10/12/2019	34.140809083333	22.7	19	28	26	null	
10/11/2019	53.175683304348	20.9	15.5	28	10.9	null	
10/9/2019	33.498620958333	19	16	24	17.4	null	
10/8/2019	30.401888826087	18.3	15	23	12.3	null	
10/7/2019	32.637298875	16.3	12	20	4.2	null	
10/6/2019	16.787978583333	19	14	24	9.9	null	
10/5/2019	11.907716041667	21.5	17	25	11.5	null	
10/3/2019	19.444591541667	21	13	28	11.3	null	
10/1/2019	37.074925416667	22.2	13.5	31	8	null	
9/30/2019	36.695058875	21.6	13	31	8.9	null	
9/29/2019	27.367462347826	22.3	14	29	17.8	null	
9/28/2019	22.282056391304	23	16	29	18.7	null	
9/27/2019	30.836768458333	21.7	15	29.1	10.3	null	
9/26/2019	35.286551708333	21.6	18	27.2	5.3	1012.8	
9/25/2019	19.948794916667	21.8	19	26.2	10	1008.9	
9/24/2019	24.229509	20.2	12.2	29	9	null	
9/23/2019	30.33315625	19.2	11	26	12.1	1015.7	
9/22/2019	19.363417541667	20.1	15	25.5	30	1017.5	
9/21/2019	19.377051416667	21.2	17	26	31	1017.2	
9/20/2019	50.777619875	21.5	15	28	14.7	1013.8	
9/19/2019	41.595045166667	21.4	12	31	9.4	null	
9/17/2019	39.490180083333	22.6	15	30	10.4	null	
9/16/2019	26.81506025	24	20	29	27	null	
9/15/2019	30.129624458333	24.7	20.5	30.5	31.3	null	
9/13/2019	28.476473708333	21.9	20	24	25.3	1013.5	
9/12/2019	33.132969416667	25	20	30.6	19.6	null	
9/11/2019	39.62491825	25.5	21	31	16.5	null	
9/10/2019	25.845055166667	24.9	18	30.2	21.5	null	
9/9/2019	25.165559291667	25.3	21.5	30.2	26.2	null	
9/8/2019	27.419388375	25.8	21	31	26	1011	
9/7/2019	28.887599416667	25.6	21	30.1	24.2	null	
9/6/2019	39.995765416667	26.3	22	32	16	1010	
9/5/2019	35.926440541667	27.3	23	34	16.5	1006.7	
9/4/2019	39.950839458333	27.1	22	33	17.6	null	
9/3/2019	38.134255708333	25.9	19	32	13.7	1008.2	
9/2/2019	40.727294708333	26.5	21	32	17.6	1008.6	
9/1/2019	32.226301583333	26.2	22	31	26.5	1007.5	
8/31/2019	32.625148791667	27.2	23	33	28.3	1008.7	
8/30/2019	39.706789708333	28	23	34	25.3	1011.1	
8/29/2019	33.908630083333	28.4	24	33.2	25.9	1010.9	
8/28/2019	40.042232541667	30.4	26	36	26.4	1010.3	
8/27/2019	36.612631666667	31.1	27	36	25.7	null	
8/26/2019	42.321037875	31.8	25.7	38	22.8	1009.9	
8/25/2019	38.533662583333	31.9	26	37.7	23.5	1010	
8/24/2019	40.584539791667	32.2	27	39	25	null	
8/23/2019	42.207994166667	30.7	26.7	36	27	null	
8/22/2019	31.587640916667	29.5	24.5	35	31.9	null	
8/21/2019	29.490402416667	28	22.6	33	24.7	1013	
8/20/2019	21.617233833333	27.1	21	33	26	null	
8/19/2019	20.462499125	26.2	21	32	27.4	1012	
8/18/2019	25.060543958333	25.2	21	31	34.8	1011.5	
8/17/2019	26.014257916667	26.8	24	31	25.2	1009.5	
8/16/2019	31.576622666667	27.3	21	33	16.2	null	
8/15/2019	30.492394458333	27.2	20.7	34	9.7	null	
8/14/2019	35.416568625	27.3	20.5	34	13.8	null	
8/13/2019	26.568325	29.6	25	36	20	null	
8/12/2019	23.345139083333	32.2	26	38.1	25.8	null	
8/11/2019	27.063859208333	32.3	26.7	38.2	30.1	null	
8/10/2019	23.630870125	31.2	25	38	27.9	null	
8/8/2019	36.414258291667	29.4	23	35	22.4	null	
8/7/2019	25.981051666667	28.7	23.7	35	26.2	1010.4	
8/6/2019	23.961867380952	28.1	23	33.5	31	1009.5	
8/5/2019	27.479165916667	27.9	24	33	32.5	1008	
8/4/2019	35.045858458333	29	22.7	35	19.7	null	
8/3/2019	23.465659875	30.5	25	37	16.9	1006	
8/2/2019	32.190309083333	30.9	27	36	30.7	null	
8/1/2019	31.536575666667	30.5	26	36	24.1	null	
7/31/2019	31.753780541667	28.9	21.6	34.2	19.9	1005.7	
7/30/2019	26.911896125	27.7	19.5	35	12.8	null	
7/29/2019	27.321542041667	27.4	19	36	9.8	null	
7/28/2019	34.393333583333	27.7	20	34	18.7	null	
7/27/2019	37.057242916667	28	21	34	21.6	1004.5	
7/26/2019	26.060844416667	28.8	24.5	34.2	27	1008.3	
7/25/2019	22.530939583333	27.7	22.5	33	29.4	null	
7/24/2019	32.942951125	28.8	25	32.1	31.2	null	
7/23/2019	37.092345125	30	24.5	35	26.9	null	
7/22/2019	34.456058958333	29.2	23.7	35	29.7	1011.2	
7/21/2019	28.139980708333	29.2	23.7	35	24.8	null	
7/20/2019	34.592642958333	27.9	21	33.2	20.6	1011.8	
7/19/2019	24.485175958333	27.6	22	33	22.4	null	
7/18/2019	20.369524208333	26.4	21.5	32	26.6	1007.4	
7/17/2019	29.604062458333	24.8	20.7	30	17	null	
7/16/2019	24.602403333333	25.3	17.7	31	13.2	null	
7/15/2019	26.677715333333	23.3	18	29	16	null	
7/14/2019	31.141444875	21.9	17	30	13.6	null	
7/13/2019	26.029345833333	25.9	21	30	22	null	
7/12/2019	19.338111625	24.7	20	30	28.1	null	
7/11/2019	35.127494	25.7	21.5	29.5	22.2	null	
7/10/2019	29.65154625	29.3	23	35	14.1	null	
7/9/2019	37.958166791667	30.2	21.6	37	17.1	1009.5	
7/8/2019	26.878653083333	28.7	18.7	36	15.3	null	
7/7/2019	26.156034833333	29.5	25	34	29.3	null	
7/6/2019	30.343723208333	30	26	34.5	29.5	null	
7/5/2019	37.029866375	30.7	26	35	26.6	1010.2	
7/4/2019	47.79664125	28.9	19.5	38	15.7	null	
7/3/2019	46.651010041667	27.4	18.5	35	13	null	
7/2/2019	26.01495075	28.7	22	35	21.7	null	
7/1/2019	19.366374541667	26.9	18.7	34	18.8	null	
6/30/2019	39.861069958333	26.1	21	31	37	null	
6/29/2019	35.569049791667	28.7	25.5	33	32.5	null	
6/28/2019	38.997933416667	30.6	25.5	36	26.9	null	
6/27/2019	31.821219083333	31	26.5	36.1	27.9	null	
6/26/2019	44.182091666667	30.9	26.5	36	28.2	null	
6/25/2019	46.227558333333	30.5	20.6	38	14.5	1009	
6/24/2019	36.8012635	29.4	20.5	38	8.2	null	
6/23/2019	28.152331208333	29.9	24	35	21.2	null	
6/22/2019	28.7508155	29	24	35	27.2	null	
6/21/2019	31.741978125	27.8	22.7	32	20.3	null	
6/20/2019	25.575668666667	26.2	21.1	31	20.7	null	
6/19/2019	36.8140425	24.4	19.7	29	14.7	null	
6/18/2019	30.321534208333	25.4	21	30.5	15.3	null	
6/17/2019	34.865101708333	25.1	19.6	30.5	16.4	null	
6/16/2019	29.448041291667	24.9	18.7	31	14.1	null	
6/15/2019	30.720113833333	26.5	20.5	31.5	23.8	null	
6/14/2019	36.352158333333	28.3	21.5	33.2	21	null	
6/13/2019	36.462731227273	26.5	21	32	20.4	null	
6/12/2019	32.462003833333	23	19	27	7.6	null	
6/11/2019	37.030462826087	23.9	18.7	29	6.3	null	
6/8/2019	33.3699605	28.6	23	35	28.3	1013.4	
6/7/2019	31.72348	24.3	15.2	31	18.5	null	
6/6/2019	21.711329041667	22.2	14	28.7	11	null	
6/5/2019	18.161849583333	21.3	13.6	29	8.5	null	
6/4/2019	20.829981166667	20.9	14.1	27	9.7	1013.7	
6/3/2019	21.164515666667	21.3	15.5	27	13.3	null	
6/2/2019	34.832800391304	22.9	18.6	28.6	10.4	null	
6/1/2019	37.828098791667	24.6	17.6	31	12.1	1012.4	
5/31/2019	39.493821291667	25.6	16.7	33	19.3	null	
5/30/2019	29.866115125	22.9	14	30	11.9	null	
5/29/2019	22.193431041667	23.1	16.5	30	10.4	null	
5/28/2019	48.365171666667	24.4	16	33	11.4	null	
5/27/2019	39.17601375	23.1	14.5	31	9.5	null	
5/26/2019	39.235484458333	21.2	13	29	8.7	null	
5/25/2019	18.554766583333	19.7	12.6	26.2	7.5	null	
5/22/2019	45.8428915	22.1	15	28.1	11.8	null	
5/21/2019	31.288678125	21.9	17	28	13.1	null	
5/20/2019	30.839212083333	21.8	15.2	27.7	11.4	null	
5/19/2019	35.1789165	21.1	13.7	29	7.5	1011.8	
5/18/2019	36.532255208333	18.9	12	25	7.4	null	
5/17/2019	29.616292875	19.1	14	25	11.6	null	